TINY: 0x7f690376e010
0x7f690376e030 - 0x7f690376e040 : 16 bytes
1 seconds since allocation
Hexdump:
00000000	00 00 00 00 00 00 00 00 00 00 00 00 00 00 00 00  |................|
0x7f690376e060 - 0x7f690376e070 : 16 bytes
0 seconds since allocation
Hexdump:
00000000	00 00 00 00 00 00 00 00 00 00 00 00 00 00 00 00  |................|
0x7f690376e090 - 0x7f690376e0a0 : 16 bytes
0 seconds since allocation
Hexdump:
00000000	00 00 00 00 00 00 00 00 00 00 00 00 00 00 00 00  |................|
0x7f690376e0c0 - 0x7f690376e0d0 : 16 bytes
0 seconds since allocation
Hexdump:
00000000	00 00 00 00 00 00 00 00 00 00 00 00 00 00 00 00  |................|
0x7f690376e0f0 - 0x7f690376e100 : 16 bytes
0 seconds since allocation
Hexdump:
00000000	00 00 00 00 00 00 00 00 00 00 00 00 00 00 00 00  |................|
0x7f690376e120 - 0x7f690376e140 : 32 bytes
0 seconds since allocation
Hexdump:
00000000	00 00 00 00 00 00 00 00 00 00 00 00 00 00 00 00  |................|
00000010	00 00 00 00 00 00 00 00 00 00 00 00 00 00 00 00  |................|
0x7f690376e160 - 0x7f690376e1a0 : 64 bytes
0 seconds since allocation
Hexdump:
00000000	00 00 00 00 00 00 00 00 00 00 00 00 00 00 00 00  |................|
00000010	00 00 00 00 00 00 00 00 00 00 00 00 00 00 00 00  |................|
00000020	00 00 00 00 00 00 00 00 00 00 00 00 00 00 00 00  |................|
00000030	00 00 00 00 00 00 00 00 00 00 00 00 00 00 00 00  |................|
0x7f690376e1c0 - 0x7f690376e240 : 128 bytes
0 seconds since allocation
Hexdump:
00000000	00 00 00 00 00 00 00 00 00 00 00 00 00 00 00 00  |................|
00000010	00 00 00 00 00 00 00 00 00 00 00 00 00 00 00 00  |................|
00000020	00 00 00 00 00 00 00 00 00 00 00 00 00 00 00 00  |................|
00000030	00 00 00 00 00 00 00 00 00 00 00 00 00 00 00 00  |................|
00000040	00 00 00 00 00 00 00 00 00 00 00 00 00 00 00 00  |................|
00000050	00 00 00 00 00 00 00 00 00 00 00 00 00 00 00 00  |................|
00000060	00 00 00 00 00 00 00 00 00 00 00 00 00 00 00 00  |................|
00000070	00 00 00 00 00 00 00 00 00 00 00 00 00 00 00 00  |................|
0x7f690376e260 - 0x7f690376e360 : 256 bytes
0 seconds since allocation
Hexdump:
00000000	00 00 00 00 00 00 00 00 00 00 00 00 00 00 00 00  |................|
00000010	00 00 00 00 00 00 00 00 00 00 00 00 00 00 00 00  |................|
00000020	00 00 00 00 00 00 00 00 00 00 00 00 00 00 00 00  |................|
00000030	00 00 00 00 00 00 00 00 00 00 00 00 00 00 00 00  |................|
00000040	00 00 00 00 00 00 00 00 00 00 00 00 00 00 00 00  |................|
00000050	00 00 00 00 00 00 00 00 00 00 00 00 00 00 00 00  |................|
00000060	00 00 00 00 00 00 00 00 00 00 00 00 00 00 00 00  |................|
00000070	00 00 00 00 00 00 00 00 00 00 00 00 00 00 00 00  |................|
00000080	00 00 00 00 00 00 00 00 00 00 00 00 00 00 00 00  |................|
00000090	00 00 00 00 00 00 00 00 00 00 00 00 00 00 00 00  |................|
000000a0	00 00 00 00 00 00 00 00 00 00 00 00 00 00 00 00  |................|
000000b0	00 00 00 00 00 00 00 00 00 00 00 00 00 00 00 00  |................|
000000c0	00 00 00 00 00 00 00 00 00 00 00 00 00 00 00 00  |................|
000000d0	00 00 00 00 00 00 00 00 00 00 00 00 00 00 00 00  |................|
000000e0	00 00 00 00 00 00 00 00 00 00 00 00 00 00 00 00  |................|
000000f0	00 00 00 00 00 00 00 00 00 00 00 00 00 00 00 00  |................|
No SMALL allocated
No LARGE allocated
Total : 560 bytes
